3450 [15:12:41.219] COM5 Written(19Bytes)
        \STXEE00005000000FE\ETX2D
3962 [15:12:41.269] COM5 Read(512Bytes)
\ST X
B80B 7A00 843F 781B 0501 0000 0000 0000 
0A00 0F00 00FC 0000 0077 0100 FA01 A8C0 
0000 FFFF 0101 A8C0 3CE5 B28A 5258 0000


5000 0000 0000 0000 0000 02A8 0000 0000 
8913 0000 0000 0000 0000 02A6 0000 0000 
8A13 7017 E001 A8C0 0000 02A7 0000 0000

8B13 0000 0000 0000 0000 02A6 0000 0000 
B615 0000 0000 0000 0000 FFFF 0000 0000 
0101 0100 0100 AC01 0A2F DE69 0000 0000

0000 0000 0000 0000 0000 0000 0000 0000 1002 0000 2002 0001
FF02 4002 B80B 7A00 0000 0000 8000 0000 0000 0000 0000 0000
0000 0020 0000 0000 0010 0000 0000 0000 0000 0800 0000 0000
0000 0000 0000 0000 0000 0000 0000 0000 0000 0000 0000 0000
0000 0000 0000 0000 0000 0000 0000     
