17391 [08:41:41.394] COM14 Written(1Bytes)
    05                                                                                                  \ENQ
17392 [08:41:41.395] COM14 Read(1Bytes)
    06                                                                                                  \ACK
17393 [08:41:41.396] COM14 Clr dtr           

17394 [08:41:41.396] COM14 Clr rts           

17395 [08:41:41.396] COM14 Set dtr           

17396 [08:41:41.396] COM14 Set rts           

17397 [08:41:41.396] COM14 Written(11Bytes)
    02 30 30 45 30 32 30 32 03 36 43                                                                    \STX00E0202\ETX6C
17405 [08:41:41.400] COM14 Read(8Bytes)
    02 46 42 35 45 03 30 35                                                                             \STXFB5E\ETX05
17406 [08:41:41.400] COM14 Clr dtr           

17407 [08:41:41.400] COM14 Clr rts           

17408 [08:41:41.400] COM14 Set dtr           

17409 [08:41:41.400] COM14 Set rts           

17410 [08:41:41.400] COM14 Written(11Bytes)
    02 30 30 45 43 41 30 32 03 38 45                                                                    \STX00ECA02\ETX8E
17418 [08:41:41.403] COM14 Read(8Bytes)
    02 42 42 33 46 03 30 30                                                                             \STXBB3F\ETX00
17419 [08:41:41.403] COM14 Clr dtr           

17420 [08:41:41.404] COM14 Clr rts           

17421 [08:41:41.404] COM14 Set dtr           

17422 [08:41:41.404] COM14 Set rts           

17423 [08:41:41.404] COM14 Written(11Bytes)
    02 30 30 45 30 32 30 32 03 36 43                                                                    \STX00E0202\ETX6C
17431 [08:41:41.407] COM14 Read(8Bytes)
    02 46 42 35 45 03 30 35                                                                             \STXFB5E\ETX05
17432 [08:41:41.407] COM14 Clr dtr           

17433 [08:41:41.407] COM14 Clr rts           

17434 [08:41:41.407] COM14 Set dtr           

17435 [08:41:41.408] COM14 Set rts           

17436 [08:41:41.408] COM14 Written(11Bytes)
    02 30 30 45 43 41 30 32 03 38 45                                                                    \STX00ECA02\ETX8E
17444 [08:41:41.412] COM14 Read(8Bytes)
    02 42 42 33 46 03 30 30                                                                             \STXBB3F\ETX00
17445 [08:41:41.412] COM14 Clr dtr           

17446 [08:41:41.412] COM14 Clr rts           

17447 [08:41:41.417] COM14 Cleanup

17448 [08:41:41.417] COM14 Close

17449 [08:41:41.506] COM14 Create (GD2.exe)

17450 [08:41:41.507] COM14 Set queue size    QueueSize.InSize: 2176, QueueSize.OutSize: 2176

17451 [08:41:41.507] COM14 Set baud rate     115200

17452 [08:41:41.507] COM14 Clr rts           

17453 [08:41:41.507] COM14 Clr dtr           

17454 [08:41:41.507] COM14 Set line control  WordLength: 7
	StopBits: 1
	Parity:2(E)


17455 [08:41:41.507] COM14 Set chars         Chars Eof: 0, Error: 0, break: 0, Event: 0, Xon: 17, Xoff: 19

17456 [08:41:41.507] COM14 Set handflow      RTS=DISABLE
	 DTR=DISABLE
	 DSR=FALSE
	 XonLim: 34412
	 XoffLim: 8603

17457 [08:41:41.508] COM14 Set dtr           

17458 [08:41:41.508] COM14 Set rts           

17459 [08:41:41.508] COM14 Written(1Bytes)
    05                                                                                                  \ENQ
17460 [08:41:41.508] COM14 Read(1Bytes)
    06                                                                                                  \ACK
17461 [08:41:41.509] COM14 Clr dtr           

17462 [08:41:41.510] COM14 Clr rts           

17463 [08:41:41.510] COM14 Set dtr           

17464 [08:41:41.510] COM14 Set rts           

17465 [08:41:41.510] COM14 Written(11Bytes)
    02 30 30 45 30 32 30 32 03 36 43                                                                    \STX00E0202\ETX6C
17473 [08:41:41.513] COM14 Read(8Bytes)
    02 46 42 35 45 03 30 35                                                                             \STXFB5E\ETX05
17474 [08:41:41.513] COM14 Clr dtr           

17475 [08:41:41.514] COM14 Clr rts           

17476 [08:41:41.514] COM14 Set dtr           

17477 [08:41:41.514] COM14 Set rts           

17478 [08:41:41.514] COM14 Written(11Bytes)
    02 30 30 45 43 41 30 32 03 38 45                                                                    \STX00ECA02\ETX8E
17486 [08:41:41.517] COM14 Read(8Bytes)
    02 42 42 33 46 03 30 30                                                                             \STXBB3F\ETX00
17487 [08:41:41.517] COM14 Clr dtr           

17488 [08:41:41.517] COM14 Clr rts           

17489 [08:41:41.517] COM14 Set dtr           

17490 [08:41:41.517] COM14 Set rts           

17491 [08:41:41.518] COM14 Written(11Bytes)
    02 30 30 45 30 32 30 32 03 36 43                                                                    \STX00E0202\ETX6C
17499 [08:41:41.521] COM14 Read(8Bytes)
    02 46 42 35 45 03 30 35                                                                             \STXFB5E\ETX05
17500 [08:41:41.521] COM14 Clr dtr           

17501 [08:41:41.521] COM14 Clr rts           

17502 [08:41:41.521] COM14 Set dtr           

17503 [08:41:41.521] COM14 Set rts           

17504 [08:41:41.522] COM14 Written(11Bytes)
    02 30 30 45 43 41 30 32 03 38 45                                                                    \STX00ECA02\ETX8E
17512 [08:41:41.525] COM14 Read(8Bytes)
    02 42 42 33 46 03 30 30                                                                             \STXBB3F\ETX00
17513 [08:41:41.525] COM14 Clr dtr           

17514 [08:41:41.525] COM14 Clr rts           

17515 [08:41:41.525] COM14 Set dtr           

17516 [08:41:41.525] COM14 Set rts           

17517 [08:41:41.525] COM14 Written(13Bytes)
    02 45 30 31 38 30 30 30 30 32 03 44 33                                                              \STXE01800002\ETXD3
17525 [08:41:41.529] COM14 Read(8Bytes)
    02 31 30 30 30 03 43 34                                                                             \STX1000\ETXC4
17526 [08:41:41.529] COM14 Clr dtr           

17527 [08:41:41.529] COM14 Clr rts           

17528 [08:41:41.529] COM14 Set dtr           

17529 [08:41:41.529] COM14 Set rts           

17530 [08:41:41.529] COM14 Written(13Bytes)
    02 45 30 31 38 30 34 34 30 43 03 45 43                                                              \STXE0180440C\ETXEC
17558 [08:41:41.534] COM14 Read(28Bytes)
    02 30 30 30 30 30 30 30 30 30 30 30 30 30 30 30 30 30 30 30 30 30 30 30 30 03 38 33                 \STX000000000000000000000000\ETX83
17559 [08:41:41.534] COM14 Clr dtr           

17560 [08:41:41.535] COM14 Clr rts           

17561 [08:41:41.535] COM14 Set dtr           

17562 [08:41:41.535] COM14 Set rts           

17563 [08:41:41.536] COM14 Written(13Bytes)
    02 45 30 30 38 30 30 30 46 45 03 46 42                                                              \STXE008000FE\ETXFB
18075 [08:41:41.582] COM14 Read(512Bytes)
    02 43 38 30 30 46 42 35 45 30 38 30 30 31 30 30 30 30 30 30 30 32 31 30 30 31 42 30 30 30 30 30     \STXC800FB5E08001000000021001B00000
    30 30 41 30 30 30 30 30 30 30 34 30 30 30 33 30 30 30 39 30 30 32 34 30 30 32 41 30 30 30 35 30     00A00000004000300090024002A00050
    30 30 31 30 30 30 36 30 30 31 41 30 30 30 31 30 30 30 41 30 30 30 30 30 30 31 38 30 30 30 30 30     0010006001A0001000A0000001800000
    30 30 30 30 30 30 30 30 30 30 30 30 30 30 30 30 30 37 31 30 30 38 31 30 30 30 30 30 30 30 30 30     00000000000000000710081000000000
    30 30 30 30 30 30 30 30 30 30 30 30 30 30 30 30 30 30 30 30 30 30 30 30 30 30 30 30 30 30 30 30     00000000000000000000000000000000
    30 46 46 46 46 46 46 46 46 46 46 46 46 46 46 46 46 46 46 46 46 46 46 46 46 46 46 46 46 46 46 46     0FFFFFFFFFFFFFFFFFFFFFFFFFFFFFFF
    46 30 30 30 30 46 46 46 46 30 30 30 30 30 30 30 30 30 30 30 30 30 30 30 30 30 30 30 30 30 30 30     F0000FFFF00000000000000000000000
    30 30 30 30 30 30 30 30 30 30 30 30 30 30 30 30 30 30 30 30 30 30 30 30 30 33 39 31 38 39 45 31     000000000000000000000000039189E1
    38 30 30 30 30 30 30 30 30 30 30 30 30 30 30 30 30 30 30 30 30 30 30 30 30 46 34 30 31 30 30 30     8000000000000000000000000F401000
    30 30 30 30 30 30 30 30 30 30 30 30 30 30 30 30 30 30 30 30 30 30 30 30 30 30 30 30 30 30 30 30     00000000000000000000000000000000
    30 30 30 30 30 30 30 30 30 30 30 30 30 30 30 30 30 30 30 30 30 30 30 30 30 30 30 30 30 30 30 30     00000000000000000000000000000000
    30 30 30 30 30 30 30 30 30 30 30 30 30 30 30 30 30 30 30 30 30 30 30 30 30 30 30 30 30 30 30 30     00000000000000000000000000000000
    30 30 30 30 30 30 30 30 30 30 30 30 30 30 30 30 30 30 31 31 35 42 42 33 46 34 30 30 30 30 30 30     000000000000000000115BB3F4000000
    30 30 30 30 30 30 30 30 30 30 30 30 30 30 30 30 30 30 30 30 30 30 30 30 30 30 30 30 30 30 30 30     00000000000000000000000000000000
    30 30 30 30 30 30 30 30 30 30 30 30 30 30 30 30 30 46 32 33 43 46 32 37 42 31 42 38 45 30 32 43     00000000000000000F23CF27B1B8E02C
    35 30 30 30 30 30 30 30 30 30 30 30 30 30 30 30 30 30 32 30 30 30 33 30 30 30 30 30 30 03 41 38     50000000000000000020003000000\ETXA8
18076 [08:41:41.582] COM14 Clr dtr           

18077 [08:41:41.582] COM14 Clr rts           

18078 [08:41:41.582] COM14 Set dtr           

18079 [08:41:41.583] COM14 Set rts           

18080 [08:41:41.583] COM14 Written(13Bytes)
    02 45 30 30 38 30 46 45 30 32 03 46 44                                                              \STXE0080FE02\ETXFD
18088 [08:41:41.587] COM14 Read(8Bytes)
    02 30 30 30 30 03 43 33                                                                             \STX0000\ETXC3
18089 [08:41:41.587] COM14 Clr dtr           

18090 [08:41:41.587] COM14 Clr rts           

18091 [08:41:41.589] COM14 Set dtr           

18092 [08:41:41.589] COM14 Set rts           

18093 [08:41:41.589] COM14 Written(14Bytes)
    02 46 35 30 31 31 30 38 30 30 36 03 30 45                                                           \STXF501108006\ETX0E
18101 [08:41:41.592] COM14 Read(8Bytes)
    02 31 30 30 30 03 43 34                                                                             \STX1000\ETXC4
18102 [08:41:41.592] COM14 Clr dtr           

18103 [08:41:41.592] COM14 Clr rts           

18104 [08:41:41.700] COM14 Set dtr           

18105 [08:41:41.700] COM14 Set rts           

18106 [08:41:41.700] COM14 Written(14Bytes)
    02 46 35 30 31 31 30 38 30 30 36 03 30 45                                                           \STXF501108006\ETX0E
18114 [08:41:41.704] COM14 Read(8Bytes)
    02 31 30 30 30 03 43 34                                                                             \STX1000\ETXC4
18115 [08:41:41.704] COM14 Clr dtr           

18116 [08:41:41.704] COM14 Clr rts           

18117 [08:41:43.080] COM14 Set dtr           

18118 [08:41:43.080] COM14 Set rts           

18119 [08:41:43.080] COM14 Written(13Bytes)
    02 45 30 30 38 31 35 32 30 32 03 44 41                                                              \STXE00815202\ETXDA
18127 [08:41:43.084] COM14 Read(8Bytes)
    02 30 30 30 30 03 43 33                                                                             \STX0000\ETXC3
18128 [08:41:43.084] COM14 Clr dtr           

18129 [08:41:43.084] COM14 Clr rts           

18130 [08:41:43.085] COM14 Set dtr           

18131 [08:41:43.085] COM14 Set rts           

18132 [08:41:43.085] COM14 Written(13Bytes)
    02 45 30 31 38 30 34 36 30 32 03 44 44                                                              \STXE01804602\ETXDD
18140 [08:41:43.088] COM14 Read(8Bytes)
    02 30 30 30 30 03 43 33                                                                             \STX0000\ETXC3
18141 [08:41:43.088] COM14 Clr dtr           

18142 [08:41:43.088] COM14 Clr rts           

18143 [08:41:43.088] COM14 Set dtr           

18144 [08:41:43.088] COM14 Set rts           

18145 [08:41:43.088] COM14 Written(13Bytes)
    02 45 30 31 38 30 34 36 30 32 03 44 44                                                              \STXE01804602\ETXDD
18153 [08:41:43.093] COM14 Read(8Bytes)
    02 30 30 30 30 03 43 33                                                                             \STX0000\ETXC3
18154 [08:41:43.093] COM14 Clr dtr           

18155 [08:41:43.093] COM14 Clr rts           

18156 [08:41:43.093] COM14 Set dtr           

18157 [08:41:43.093] COM14 Set rts           

18158 [08:41:43.093] COM14 Written(13Bytes)
    02 45 30 30 38 31 35 32 30 32 03 44 41                                                              \STXE00815202\ETXDA
18166 [08:41:43.097] COM14 Read(8Bytes)
    02 30 30 30 30 03 43 33                                                                             \STX0000\ETXC3
18167 [08:41:43.097] COM14 Clr dtr           

18168 [08:41:43.097] COM14 Clr rts           

18169 [08:41:43.097] COM14 Set dtr           

18170 [08:41:43.097] COM14 Set rts           

18171 [08:41:43.097] COM14 Written(13Bytes)
    02 45 30 31 38 30 30 38 30 38 03 45 31                                                              \STXE01800808\ETXE1
18191 [08:41:43.102] COM14 Read(20Bytes)
    02 32 30 32 30 32 30 32 30 32 30 32 30 32 30 32 30 03 31 33                                         \STX2020202020202020\ETX13
18192 [08:41:43.102] COM14 Clr dtr           

18193 [08:41:43.102] COM14 Clr rts           

18194 [08:41:43.103] COM14 Set dtr           

18195 [08:41:43.103] COM14 Set rts           

18196 [08:41:43.103] COM14 Written(19Bytes)
    02 45 45 30 30 30 30 34 30 30 30 30 30 30 30 38 03 30 39                                            \STX EE0 0004 0000 0008\ETX09
18216 [08:41:43.108] COM14 Read(20Bytes)
    02 30 30 30 38 39 34 30 31 46 45 39 31 36 34 30 30 03 35 38                                         \STX00089401FE916400\ETX58
18217 [08:41:43.108] COM14 Clr dtr           

18218 [08:41:43.108] COM14 Clr rts           

18219 [08:41:43.108] COM14 Set dtr           

18220 [08:41:43.108] COM14 Set rts           

18221 [08:41:43.109] COM14 Written(13Bytes)
    02 45 30 31 38 30 30 30 35 43 03 45 39                                                              \STXE0180005C\ETXE9
18409 [08:41:43.129] COM14 Read(188Bytes)
    02 31 30 30 30 46 38 43 38 30 30 30 30 30 30 30 30 32 30 32 30 32 30 32 30 32 30 32 30 32 30 32     \STX1000F8C800000000202020202020202
    30 32 30 32 30 32 30 32 30 32 30 32 30 32 30 32 30 32 30 32 30 32 30 32 30 32 30 32 30 32 30 32     02020202020202020202020202020202
    30 32 30 32 30 32 30 32 30 32 30 32 30 32 30 32 30 32 30 32 30 32 30 32 30 32 30 32 30 32 30 32     02020202020202020202020202020202
    30 46 34 30 39 46 46 30 42 46 34 30 31 45 37 30 33 36 34 30 45 43 37 30 45 44 43 30 45 46 46 30     0F409FF0BF401E703640EC70EDC0EFF0
    45 39 30 30 31 46 45 30 33 30 30 30 30 30 30 30 30 30 30 30 30 30 30 30 30 30 30 30 30 30 30 30     E9001FE0300000000000000000000000
    30 30 30 30 30 30 30 30 30 30 30 30 30 30 30 30 30 30 30 30 30 30 30 30 30 03 41 42                 0000000000000000000000000\ETXAB
18410 [08:41:43.129] COM14 Clr dtr           

18411 [08:41:43.130] COM14 Clr rts           

18412 [08:41:43.130] COM14 Set dtr           

18413 [08:41:43.130] COM14 Set rts           

18414 [08:41:43.130] COM14 Written(19Bytes)
    02 45 45 30 30 30 30 34 30 30 30 30 30 30 46 45 03 32 43                                            \STXEE00004000000FE\ETX2C
18926 [08:41:43.177] COM14 Read(512Bytes)
    02 30 30 30 38 39 34 30 31 46 45 39 31 36 34 30 30 46 46 46 46 46 46 46 46 46 46 46 46 46 46 46     \STX00089401FE916400FFFFFFFFFFFFFFF
    46 46 46 46 46 46 46 46 46 46 46 46 46 46 46 46 46 46 46 46 46 46 46 46 46 46 46 46 46 46 46 46     FFFFFFFFFFFFFFFFFFFFFFFFFFFFFFFF
    46 46 46 46 46 46 46 46 46 46 46 46 46 46 46 46 46 46 46 46 46 46 46 46 46 46 46 46 46 46 46 46     FFFFFFFFFFFFFFFFFFFFFFFFFFFFFFFF
    46 46 46 46 46 46 46 46 46 46 46 46 46 46 46 46 46 46 46 46 46 46 46 46 46 46 46 46 46 46 46 46     FFFFFFFFFFFFFFFFFFFFFFFFFFFFFFFF
    46 46 46 46 46 46 46 46 46 46 46 46 46 46 46 46 46 46 46 46 46 46 46 46 46 46 46 46 46 46 46 46     FFFFFFFFFFFFFFFFFFFFFFFFFFFFFFFF
    46 46 46 46 46 46 46 46 46 46 46 46 46 46 46 46 46 46 46 46 46 46 46 46 46 46 46 46 46 46 46 46     FFFFFFFFFFFFFFFFFFFFFFFFFFFFFFFF
    46 46 46 46 46 46 46 46 46 46 46 46 46 46 46 46 46 46 46 46 46 46 46 46 46 46 46 46 46 46 46 46     FFFFFFFFFFFFFFFFFFFFFFFFFFFFFFFF
    46 46 46 46 46 46 46 46 46 46 46 46 46 46 46 46 46 46 46 46 46 46 46 46 46 46 46 46 46 46 46 46     FFFFFFFFFFFFFFFFFFFFFFFFFFFFFFFF
    46 46 46 46 46 46 46 46 46 46 46 46 46 46 46 46 46 46 46 46 46 46 46 46 46 46 46 46 46 46 46 46     FFFFFFFFFFFFFFFFFFFFFFFFFFFFFFFF
    46 46 46 46 46 46 46 46 46 46 46 46 46 46 46 46 46 46 46 46 46 46 46 46 46 46 46 46 46 46 46 46     FFFFFFFFFFFFFFFFFFFFFFFFFFFFFFFF
    46 46 46 46 46 46 46 46 46 46 46 46 46 46 46 46 46 46 46 46 46 46 46 46 46 46 46 46 46 46 46 46     FFFFFFFFFFFFFFFFFFFFFFFFFFFFFFFF
    46 46 46 46 46 46 46 46 46 46 46 46 46 46 46 46 46 46 46 46 46 46 46 46 46 46 46 46 46 46 46 46     FFFFFFFFFFFFFFFFFFFFFFFFFFFFFFFF
    46 46 46 46 46 46 46 46 46 46 46 46 46 46 46 46 46 31 30 30 31 38 34 30 30 42 38 30 42 46 45 46     FFFFFFFFFFFFFFFFF10018400B80BFEF
    46 46 46 46 46 46 46 46 46 46 46 46 46 46 46 46 46 46 46 46 46 46 46 46 46 46 46 46 46 46 46 46     FFFFFFFFFFFFFFFFFFFFFFFFFFFFFFFF
    46 46 46 46 46 46 46 46 46 46 46 46 46 46 46 46 46 46 46 46 46 46 46 46 46 46 46 46 46 46 46 46     FFFFFFFFFFFFFFFFFFFFFFFFFFFFFFFF
    46 46 46 46 46 46 46 46 46 46 46 46 46 46 46 46 46 46 46 46 46 46 46 46 46 46 46 46 46 03 31 31     FFFFFFFFFFFFFFFFFFFFFFFFFFFFF\ETX11
18927 [08:41:43.177] COM14 Clr dtr           

18928 [08:41:43.177] COM14 Clr rts           

18929 [08:41:43.178] COM14 Set dtr           

18930 [08:41:43.178] COM14 Set rts           

18931 [08:41:43.178] COM14 Written(19Bytes)
    02 45 45 30 30 30 30 34 30 30 46 45 30 30 39 36 03 33 42                                            \STXEE0000400FE0096\ETX3B
19235 [08:41:43.208] COM14 Read(304Bytes)
    02 46 46 46 46 46 46 46 46 46 46 46 46 46 46 46 46 46 46 46 46 46 46 46 46 46 46 46 46 46 46 46     \STXFFFFFFFFFFFFFFFFFFFFFFFFFFFFFFF
    46 46 46 46 46 42 38 30 42 36 34 30 30 37 38 30 30 31 45 42 43 30 30 30 30 30 30 30 30 37 34 30     FFFFFB80B640078001EBC00000000740
    30 36 34 30 30 41 34 35 44 30 30 30 30 34 46 46 46 46 46 46 46 46 41 30 31 41 38 43 30 30 30 46     06400A45D00004FFFFFFFFA01A8C000F
    46 46 46 46 46 30 30 30 31 41 38 43 30 37 44 30 31 30 41 30 30 39 30 30 31 33 32 30 30 33 32 30     FFFFF0001A8C07D010A0090013200320
    30 30 38 30 30 30 32 41 30 42 34 31 35 30 30 30 30 30 30 30 30 30 30 30 30 46 46 46 46 30 32 41     0080002A0B415000000000000FFFF02A
    30 42 34 31 35 30 30 30 30 30 30 30 30 30 30 30 30 46 46 46 46 30 32 41 30 42 34 31 35 30 30 30     0B415000000000000FFFF02A0B415000
    30 30 30 30 30 30 30 30 30 46 46 46 46 30 32 41 30 42 34 31 35 30 30 30 30 30 30 30 30 30 30 30     000000000FFFF02A0B41500000000000
    30 46 46 46 46 33 30 46 46 46 46 46 46 30 30 30 30 30 30 30 30 30 30 30 30 30 30 30 30 37 42 30     0FFFF30FFFFFF00000000000000007B0
    30 30 31 30 30 30 43 30 30 30 30 30 30 30 30 30 30 30 30 30 30 30 30 30 30 30 30 30 30 46 46 30     001000C0000000000000000000000FF0
    30 30 30 30 30 46 46 46 46 46 46 46 46 03 42 36                                                     00000FFFFFFFF\ETXB6
19236 [08:41:43.208] COM14 Clr dtr           

19237 [08:41:43.209] COM14 Clr rts           

19238 [08:41:43.209] COM14 Set dtr           

19239 [08:41:43.209] COM14 Set rts           

19240 [08:41:43.209] COM14 Written(13Bytes)
    02 46 35 30 31 30 34 32 36 31 03 44 43                                                              \STXF50104261\ETXDC
19245 [08:41:43.212] COM14 Read(5Bytes)
    02 30 03 33 33                                                                                      \STX0\ETX33
19246 [08:41:43.212] COM14 Clr dtr           

19247 [08:41:43.212] COM14 Clr rts           

19248 [08:41:43.393] COM14 Cleanup

19249 [08:41:43.393] COM14 Close

19250 [08:41:45.506] COM14 Create (GD2.exe)

19251 [08:41:45.508] COM14 Set queue size    QueueSize.InSize: 2176, QueueSize.OutSize: 2176

19252 [08:41:45.508] COM14 Set baud rate     115200

19253 [08:41:45.508] COM14 Clr rts           

19254 [08:41:45.508] COM14 Clr dtr           

19255 [08:41:45.508] COM14 Set line control  WordLength: 7
	StopBits: 1
	Parity:2(E)


19256 [08:41:45.508] COM14 Set chars         Chars Eof: 0, Error: 0, break: 0, Event: 0, Xon: 17, Xoff: 19

19257 [08:41:45.508] COM14 Set handflow      RTS=DISABLE
	 DTR=DISABLE
	 DSR=FALSE
	 XonLim: 34412
	 XoffLim: 8603

19258 [08:41:45.508] COM14 Set dtr           

19259 [08:41:45.508] COM14 Set rts           

19260 [08:41:45.508] COM14 Written(1Bytes)
    05                                                                                                  \ENQ
19261 [08:41:45.508] COM14 Read(1Bytes)
    06                                                                                                  \ACK
19262 [08:41:45.510] COM14 Clr dtr           

19263 [08:41:45.510] COM14 Clr rts           

19264 [08:41:45.510] COM14 Set dtr           

19265 [08:41:45.510] COM14 Set rts           

19266 [08:41:45.510] COM14 Written(11Bytes)
    02 30 30 45 30 32 30 32 03 36 43                                                                    \STX00E0202\ETX6C
19274 [08:41:45.513] COM14 Read(8Bytes)
    02 46 42 35 45 03 30 35                                                                             \STXFB5E\ETX05
19275 [08:41:45.513] COM14 Clr dtr           

19276 [08:41:45.514] COM14 Clr rts           

19277 [08:41:45.514] COM14 Set dtr           

19278 [08:41:45.514] COM14 Set rts           

19279 [08:41:45.514] COM14 Written(11Bytes)
    02 30 30 45 43 41 30 32 03 38 45                                                                    \STX00ECA02\ETX8E
19287 [08:41:45.518] COM14 Read(8Bytes)
    02 42 42 33 46 03 30 30                                                                             \STXBB3F\ETX00
19288 [08:41:45.518] COM14 Clr dtr           

19289 [08:41:45.518] COM14 Clr rts           

19290 [08:41:45.518] COM14 Set dtr           

19291 [08:41:45.518] COM14 Set rts           

19292 [08:41:45.518] COM14 Written(11Bytes)
    02 30 30 45 30 32 30 32 03 36 43                                                                    \STX00E0202\ETX6C
19300 [08:41:45.521] COM14 Read(8Bytes)
    02 46 42 35 45 03 30 35                                                                             \STXFB5E\ETX05
19301 [08:41:45.521] COM14 Clr dtr           

19302 [08:41:45.522] COM14 Clr rts           

19303 [08:41:45.522] COM14 Set dtr           

19304 [08:41:45.522] COM14 Set rts           

19305 [08:41:45.522] COM14 Written(11Bytes)
    02 30 30 45 43 41 30 32 03 38 45                                                                    \STX00ECA02\ETX8E
19313 [08:41:45.525] COM14 Read(8Bytes)
    02 42 42 33 46 03 30 30                                                                             \STXBB3F\ETX00
19314 [08:41:45.525] COM14 Clr dtr           

19315 [08:41:45.525] COM14 Clr rts           

19316 [08:41:45.525] COM14 Set dtr           

19317 [08:41:45.525] COM14 Set rts           

19318 [08:41:45.525] COM14 Written(13Bytes)
    02 45 30 31 38 30 30 30 30 32 03 44 33                                                              \STXE01800002\ETXD3
19326 [08:41:45.528] COM14 Read(8Bytes)
    02 31 30 30 30 03 43 34                                                                             \STX1000\ETXC4
19327 [08:41:45.528] COM14 Clr dtr           

19328 [08:41:45.529] COM14 Clr rts           

19329 [08:41:45.529] COM14 Set dtr           

19330 [08:41:45.529] COM14 Set rts           

19331 [08:41:45.529] COM14 Written(13Bytes)
    02 45 30 31 38 30 34 34 30 43 03 45 43                                                              \STXE0180440C\ETXEC
19359 [08:41:45.535] COM14 Read(28Bytes)
    02 30 30 30 30 30 30 30 30 30 30 30 30 30 30 30 30 30 30 30 30 30 30 30 30 03 38 33                 \STX000000000000000000000000\ETX83
19360 [08:41:45.535] COM14 Clr dtr           

19361 [08:41:45.535] COM14 Clr rts           

19362 [08:41:45.535] COM14 Set dtr           

19363 [08:41:45.535] COM14 Set rts           

19364 [08:41:45.535] COM14 Written(13Bytes)
    02 45 30 30 38 30 30 30 46 45 03 46 42                                                              \STXE008000FE\ETXFB
19876 [08:41:45.582] COM14 Read(512Bytes)
    02 43 38 30 30 46 42 35 45 30 38 30 30 31 30 30 30 30 30 30 30 32 31 30 30 31 42 30 30 30 30 30     \STXC800FB5E08001000000021001B00000
    30 30 41 30 30 30 30 30 30 30 34 30 30 30 33 30 30 30 39 30 30 32 38 30 30 32 41 30 30 30 35 30     00A00000004000300090028002A00050
    30 30 31 30 30 30 36 30 30 31 41 30 30 30 31 30 30 30 41 30 30 30 30 30 30 31 38 30 30 30 30 30     0010006001A0001000A0000001800000
    30 30 30 30 30 30 30 30 30 30 30 30 30 30 30 30 30 37 31 30 30 38 31 30 30 30 30 30 30 30 30 30     00000000000000000710081000000000
    30 30 30 30 30 30 30 30 30 30 30 30 30 30 30 30 30 30 30 30 30 30 30 30 30 30 30 30 30 30 30 30     00000000000000000000000000000000
    30 46 46 46 46 46 46 46 46 46 46 46 46 46 46 46 46 46 46 46 46 46 46 46 46 46 46 46 46 46 46 46     0FFFFFFFFFFFFFFFFFFFFFFFFFFFFFFF
    46 30 30 30 30 46 46 46 46 30 30 30 30 30 30 30 30 30 30 30 30 30 30 30 30 30 30 30 30 30 30 30     F0000FFFF00000000000000000000000
    30 30 30 30 30 30 30 30 30 30 30 30 30 30 30 30 30 30 30 30 30 30 30 30 30 33 39 31 38 39 45 31     000000000000000000000000039189E1
    38 30 30 30 30 30 30 30 30 30 30 30 30 30 30 30 30 30 30 30 30 30 30 30 30 46 34 30 31 30 30 30     8000000000000000000000000F401000
    30 30 30 30 30 30 30 30 30 30 30 30 30 30 30 30 30 30 30 30 30 30 30 30 30 30 30 30 30 30 30 30     00000000000000000000000000000000
    30 30 30 30 30 30 30 30 30 30 30 30 30 30 30 30 30 30 30 30 30 30 30 30 30 30 30 30 30 30 30 30     00000000000000000000000000000000
    30 30 30 30 30 30 30 30 30 30 30 30 30 30 30 30 30 30 30 30 30 30 30 30 30 30 30 30 30 30 30 30     00000000000000000000000000000000
    30 30 30 30 30 30 30 30 30 30 30 30 30 30 30 30 30 30 31 31 35 42 42 33 46 34 30 30 30 30 30 30     000000000000000000115BB3F4000000
    30 30 30 30 30 30 30 30 30 30 30 30 30 30 30 30 30 30 30 30 30 30 30 30 30 30 30 30 30 30 30 30     00000000000000000000000000000000
    30 30 30 30 30 30 30 30 30 30 30 30 30 30 30 30 30 46 32 33 43 46 32 37 42 31 42 38 45 30 32 43     00000000000000000F23CF27B1B8E02C
    35 30 30 30 30 30 30 30 30 30 30 30 30 30 30 30 30 30 32 30 30 30 33 30 30 30 30 30 30 03 41 43     50000000000000000020003000000\ETXAC
19877 [08:41:45.582] COM14 Clr dtr           

19878 [08:41:45.583] COM14 Clr rts           

19879 [08:41:45.583] COM14 Set dtr           

19880 [08:41:45.583] COM14 Set rts           

19881 [08:41:45.583] COM14 Written(13Bytes)
    02 45 30 30 38 30 46 45 30 32 03 46 44                                                              \STXE0080FE02\ETXFD
19889 [08:41:45.587] COM14 Read(8Bytes)
    02 30 30 30 30 03 43 33                                                                             \STX0000\ETXC3
19890 [08:41:45.587] COM14 Clr dtr           

19891 [08:41:45.587] COM14 Clr rts           

19892 [08:41:45.587] COM14 Cleanup

19893 [08:41:45.587] COM14 Close
